50

128239086112 82 0.8255619
142171099119 82 0.5207613
47172148151 82 0.7131785
51234074022 82 0.29925138
5123217117 82 0.15358615
80250082024 82 0.72131217
177235253200 346 0.24618435
28236134114 346 0.17541128
20092164049 346 0.34208554
3179146252 188 0.83589184
120176154068 188 0.7883462
126079117048 188 0.079193234
3205216038 188 0.4021477
45092090049 188 0.5253856
61228065049 188 0.74620616
95036062207 188 0.6325285
213066236207 82 0.64419776
210157002121 82 0.39391434
91184099244 82 0.29096752
130186157214 82 0.67064255
60218121187 82 0.8098685
238084221188 105 0.95653546
203019200117 105 0.9971239
155072077242 105 0.8825528
106176142130 105 0.1511867
76247039171 105 0.7791729
181210151022 105 0.5555488
21105017210 105 0.06758535
221023069234 105 0.8436475
142178006244 105 0.001617074
81245108132 491 0.41004872
149129111059 491 0.3669021
226003062068 491 0.21255529
213227119062 491 0.9814738
149149040172 491 0.6414
202161211198 491 0.44385982
246227018084 50 0.12111974
239245046117 50 0.5586552
96253023001 50 0.20096964
69114115025 66 0.68424374
192161053192 66 0.83349556
133027201015 66 0.45052367
74045055159 103 0.90451056
180093154238 103 0.80311424
88171227031 103 0.51232487
166184103220 103 0.98272824
192140254242 103 0.6172006
203193228172 103 0.6163461
116189172091 103 0.50565445
40170069059 103 0.91726995
216092212033 103 0.99896085
117172093041 103 0.18175578