1004
1010
1012
1017
1018
1023
1027
1031
1034
1035
1036
1041
1046
1051
1062
1063
1072
1075
1078
1082
1083
1086
1088
1096
1106
1116
1118
1121
1122
1126
1128
1140
1146
1156
1160
1171
1172
1179
1182
1187
1193
1199
1207
1221
1229
1239
1245
1257
1258
1262
1271
1274
1276
1283
1292
1315
1323
1329
1339
1344
1354
1360
1374
1383
1419
1427
1431
1432
1448
1451
1454
1487
1496
1508
1539
1566
1569
1579
1587
1622
1630
1647
1673
1684
1733
1740
1742
1768
1787
1789
1822
1825
1888
1908
1944
1969
1971
2036
2046
2123
2152
2191
2255
2307
2345
2388
2411
2453
2468
2475
2537
2705
2840
2850
2963
3036
3136
3411
3435
3632
3826
3996
4333
4668
4960
5738
6660
8097
11289
80818
